Tue Aug 28 02:40:57 EDT 2007
  File: `/mit/scripts/deploy/mediawiki.tar.gz' -> `mediawiki-1.5.8.tar.gz'
  Size: 22        	Blocks: 2          IO Block: 4096   symbolic link
Device: 15h/21d	Inode: 1307772738  Links: 1
Access: (0755/lrwxr-xr-x)  Uid: (537644531/ scripts)   Gid: (62275/jbarnold)
Access: 2006-04-14 23:51:14.000000000 -0400
Modify: 2006-04-14 23:51:14.000000000 -0400
Change: 2006-04-14 23:51:14.000000000 -0400
